15 36

Tabella indicans

Ed.Reisk. Par. Ald. Bas. Franc.
Tom.11.
1020 ...587, 1 97,36 646 11,15 1013 0, 9
1021 ...587, 19 98, 8 646 b, pen.. 1013 ult.
1022 ...587,38 98, 28 647 ει, 5 1014 0, 7
1023 ...588, 13 98, ult...647 6 7 1014 0,12
1024 ...588, 30... 99, 18 ...647 0, 7 1015 610
1025...589, 6... 99,36...648 0,14...1015 0, 8
1026 ...589, 24...100, 8 648 6171016 b, 5
1028...590, 1...101, 1...649 b, 4...1017 1
1029 ...590, 18101, 17 649 0, 51017 0, 4
1030...591, 8... 101,35...650 a, 8 1018 b, 5
1031...591, 25102, 10... 650 612 1018 0, 3
1032...592, 2...102, 28... 650 0,18 1019 b, 1
1033...592,20...102,1111...651 b, 11019 d, 9
1034...592,38 103, 19 ...651 0, 4 1020 a, 9
1035 ...593, 14... 103, 38 652 a‚10 1020 (1, 6
1036 593,32 104, 10... 652 6161021 a, 5
1037 594, 10 104, 28 652 0, pen.. 1021 0,12
1038 ...594, 1105, 1653 b, pen.. 1022 1
1039...595, 1... 105, 7 653 0, 6 1022 9
1040...595, 19 105, 27 654 a,11 1023 a, 9
1041 ...595,36 106, 3 654 614 1023 (1, 4
1042 596, 12106, 21654 0,17 1024 a, 1
1043 ...596,30 106, 39 655 b, 2 1024 0, 6
1044...597, 8 107, 10... 655 0, 71024 0,11
1045 ...597, 26 107, 28656 a,10 1025 b, 8
1046...598, 2108, 1 ...656 6251025 0, 6
1047 ...598, 21108, 21656 0, ult. .. 1026 b, 4
1048 ...598,111ῒ...108,41 657 b, 81026 0, 3
1049 599, 18... 109, 13 657 0,12...1027 b, 3
1050...599, 1...110, 1...658 b, 4...1028 1
1051 ...600, 4...110, 9...658 6151028 b, 7
1052 600, 22110, 28658 c, ult... 1028 0, 5
1053 600,39 111, 5659 b. 4 1029 1), 5
1054601, 14...111, 23 659 0, 8 1029 0, 3
1055 601, 32 111,43 660 2,.24 1030 b, 1
1056 602, 9 112, 17 660 b, ult... 1030 (1,10
1057 ...602, 7...112,36...660 c,a11t..1031 a, 7
1058...603, 2... 113, 9...661 6 71031 (1, 4
1059 603, 20... 113, 27 661 0,10 1032 a, 3
1060... 603,38... 113,]1011..662 a‚16 1032 (1, 1
1061 604, 14... 114, 16 662 c, 1 1032 pen.
1062 604, 33114, 33 663 a, 9 1033 0,10
1063 605, 9115, 5 663 614 1033 pen.
1064...605,32... 115, 26 ...664 α, 11034 0, 9
1065 606, 9 115,]1011. ,664 b, 9103411011.
1066 606. 27 116, 18 664 0,15 1035 0, 6

